31,1
31,3
10,125
9,5
8,15
10,274
10,226
10,12
10,118
10,32
10,200
54,4
54,3
54,2
54,1
10,212
54,0
53,3
53,2
53,1
53,0
52,3
10,276
52,2
52,1
52,0
51,5
51,4
51,3
11,18
11,8
51,2
51,1
51,0
8,7
8,16
8,14
8,17
50,4
50,3
50,2
50,1
50,0
48,5
48,4
48,3
48,2
48,1
48,0
45,5
45,4
45,3
45,2
45,1
45,0
43,5
43,4
43,3
43,2
43,1
43,0
20,3
20,2
20,1
12,3
19,2
12,2
19,1
12,1
19,3
11,28
11,26
11,20
11,16
11,12
11,10
11,6
11,4
11,3
11,2
11,1
10,310
10,264
10,238
10,230
10,150
10,138
18,1
10,22
10,14
10,3
18,3
10,2
14,1
10,1
9,7
9,6
9,4
9,3
14,3
9,2
13,1
9,1
8,13
